P0: 415.6922 0.000000000000e+00 360.0 0.000000000000e+00 0.000000000000e+00 415.6922 240.0 0.000000000000e+00 0.000000000000e+00 0.000000000000e+00 1.000000000000e+00 0.000000000000e+00
P1: 415.6922 0.000000000000e+00 360.0 0.1 0.000000000000e+00 415.6922 240.0 0.000000000000e+00 0.000000000000e+00 0.000000000000e+00 1.000000000000e+00 0.000000000000e+00